Some((
    red: 0.07025621,
    green: 0.070256166,
    blue: 0.07025606,
))